hst_Arp_CGCG
hst_Arp_273
587739646743412797
587741534400217110
587742010583941189
hst_Arp_244
587739845393580192
587735043609329845
587727177926508595
587745402001817662
587727178988388373
587727222471131318
587739647284805725
587747120521216156
587738569246376675
hst_ESO_77-14
587735665840881790
587738569249390718
587736941981466667
587742571610243080
587728676861051075
588013383816904792
587729227151704160
587739721376202860
587741829658181698
587739505541578866
588017604696408086
1237678620102623480
587739153356095531
587741391565422775
587739721900163101
588011124116422756
588007005230530750
758877153600208945
587726033843585146
587739407868690486
588018055130710322
587741817851674654
587742014353702970
587739810496708646
587736523764334706
587739720308818095
587741722819493915
587732772130652231
hst_Arp_148
588017604696408195
587741602030026825
